3.04
2.10
1.38
8.28
1.13
1.55
1.82
4.41
1.60
1.22
36.07
1.13
1.00
1.95
4.29
3.72
37.12
1.40
1.29
2.04
2.04
5.24
8.89
1.15
1.10
1.05
2.25
2.16
1.07
3.51
2.67
1.27
1.23
5.31
1.44
1.05
1.00
4.05
1.74
1.82
1.00
1.92
1.40
1.12
7.93
1.15
62.98
1.04
1.10
7.82
2.25
1.02
12.89
33.11
2.53
1.64
2.16
3.66
23.84
1.12
1.13
1.10
3.36
1.05
1.23
3.32
19.24
1.07
3.66
17.41
2.22
1.40
12.89
2.56
1.40
1.49
2.56
2.87
13.85
2.42
1.18
1.42
1.02
6.59
1.95
3.51
2.67
1.27
1.23
5.31
1.44
1.05
1.00
4.05
1.74
1.82
1.00
1.92
1.40
1.12
7.93
1.15
62.98
1.04
1.10
7.82
2.25
1.02
12.89
33.11
2.53
1.64
2.16
3.66
23.84
1.12
1.13
1.10
3.36
1.05
1.23
3.32
19.24
1.07
3.66
17.41
1.40
1.08
12.00
2.87
10.56
1.60
1.60
2.60
1.57
1.60
3.82
2.75
1.38
1.47
1.40
3.46
2.56
2.32
2.53
1.74
1.10
79.15
4.35
62.08
1.47
1.60
1.04
2.15
1.44
1.74
2.32
2.91
1.17
1.64
8.77
2.01
1.95
1.69
2.67
2.35
3.36
1.38
7.28
244.69
17.91
7.38
1.17
2.10
3.13
36.07
1.34
1.62
2.49
16.21
1.44
9.69
224.59
2.83
5.02
1.20
1.08
2.16
1.90
1.77
2.67
1.62
1.44
1.84
4.11
1.55
1.38
6.78
1.84
3.72
1.51
1.13
4.29
1.00
2.29
27.50
1.08
2.22
1.23
1.57
1.67
2.39
5.47
1.27
2.42
1.29
2.01
2.13
7.71
1.17
2.42
1.90
6.97
1.53
30.83
1.31
1.72
1.27
1.44
1.95
2.67
1.31
47.32
1.23
3.36
1.57
1.05
1.55
1.02
3.00
1.18
1.42
1.02
6.59
1.95